6
8
5
69
0
0
0
0
0
420
8
11
4
4
0
9
1
6
8
5
69
0
0
0
0
0
420
8
11
4
4
0
9
1
6
8
5
69
0
0
0
0
0
420
8
11
4
4
0
9
1
6
8
5
69
0
0
0
0
0
420
8
11
4
4
0
9
1
6
8
5
69
0
0
0
0
0
420
8
11
4
4
0
9
1
6
8
5
69
0
0
0
0
0
420
8
11
4
4
0
9
1
6
8
5
69
0
0
0
0
0
420
8
11
4
4
0
9
1
6
8
5
69
0
0
0
0
0
420
8
11
4
4
0
9
1
6
8
5
69
0
0
0
0
0
420
8
11
4
4
0
9
1
6
8
5
69
0
0
0
0
0
420
8
11
4
4
0
9
1
6
8
5
69
0
0
0
0
0
420
8
11
4
4
0
9
1
6
8
5
69
0
0
0
0
0
420
8
11
4
4
0
9
1
6
8
5
69
0
0
0
0
0
420
8
11
4
4
0
9
1
6
8
5
69
0
0
0
0
0
420
8
11
4
4
0
9
1
6
8
5
69
0
0
0
0
0
420
8
11
4
4
0
9
1
6
8
5
69
0
0
0
0
0
420
8
11
4
4
0
9
1
6
8
5
69
0
0
0
0
0
420
8
11
4
4
0
9
1
6
8
5
69
0
0
0
0
0
420
8
11
4
4
0
9
1
11
19
